2
5
6
9
21
22
23
24
25
27
28
29
32
33
41
42
43
56
61
62
63
64
66
69
71
74
76
79
81
82
83
84
85
88
101
105
106
110
111
113
115
118
121
122
141
142
143
144
161
166
167
181
182
183
184
185
186
187
188
189
190
191
192
193
194
195
196
197
201
202
203
204
205
221
222
223
224
225
241
242
243
244
245
246
247
248
249
250
251
252
258
281
282
283
301
302
303
304
305
306
307
308
309
321
322
323
324
325
326
327
328
329
330
331
332
333
334
335
336
337
338
345
346
361
362
363
364
365
368
369
370
381
382
383
401
402
403
404
418
421
422
423
424
428
435
440
445
446
461
462
472
481
482
483
484
502
521
522
523
524
525
526
527
528
529
530
531
532
533
534
535
536
537
541
542
543
544
545
561
562
563
564
565
581
582
583
584
585
586
587
588
589
590
591
592
621
622
623
641
642
643
644
645
646
647
648
649
661
662
663
664
665
666
667
668
669
670
671
672
673
674
675
676
677
678
681
682
684
685
686
687
689
690
691
693
694
698
699
703
704
705
706
707
708
709
710
711
713
715
716
717
718
719
721
722
723
724
725
726
727
728
729
730
731
732
733
734
735
736
738
739
740
741
742
745
746
748
749
750
751
752
753
754
756
759
761
765
766
767
768
769
770
771
772
773
774
775
778
779
780
781
782
783
785
787
788
789
790
791
792
793
794
797
799
801
802
803
804
805
806
807
808
809
810
812
813
819
821
822
823
824
825
826
827
828
829
830
831
833
834
835
838
839
841
842
845
848
849
850
851
855
856
862
863
869
870
871
872
875
876
877
878
879
880
881
882
883
899
900
901
920
922
927
928
929
930
931
932
935
936
937
938
939
940
941
950
951
958
959
960
963
964
965
966
967
968
969
970
971
972
973
974
975
976
977
978
979
980
981
982
990
991
998
999
1000
1001
1002
1011
1018
1019
1020
1022
1023
1037
1038
1039
1040
1041
1042
1043
1080
1082
1083
1102
1124
1125
1126
1127
1128
1129
1130
1131
1132
1133
1134
1135
1136
1137
1138
1139
1140
1141
1142
1161
1162
1163
1182
1184
1185
1186
1187
1188
1189
1190
1191
1192
1193
1194
1195
1196
1197
1198
1199
1200
1202
1212
1221
1241
1242
1243
1261
1262
1263
1264
1265
1266
1267
1268
1269
1270
1271
1272
1273
1274
1275
1276
1277
1278
1279
1280
1286
1287
1290
1291
1292
1293
1294
1295
1296
1297
1298
1299
1300
1301
1302
1303
1304
1305
1306
1307
1308
1309
1310
1311
1312
1313
1314
1315
1316
1317
1318
1319
1320
1340
1341
1342
1343
1359
1364
1365
1366
1367
1368
1369
1370
1371
1372
1373
1374
1375
1376
1377
1378
1379
1380
1381
1387
1390
1397
1401
1404
1412
1413
1414
1415
1416
1417
1418
1419
1420
1426
1427
1428
1429
1430
1431
1432
1433
1434
1435
1436
1437
1438
1439
1440
1444
1451
1452
1453
1454
1455
1456
1457
1458
1459
1465
1469
1471
1472
1473
1474
1475
1476
1477
1478
1479
1480
1485
1491
1493
1494
1497
1498
1499
1500
1531
1533
1534
1535
1536
1537
1538
1539
1540
1573
1574
1575
1576
1577
1578
1579
1580
1582
1611
1613
1614
1615
1616
1617
1618
1619
1620
1650
1651
1652
1653
1654
1655
1656
1657
1658
1659
1660
1667
1670
1681
1695
1701
1702
1726
1731
1733
1734
1735
1736
1737
1738
1739
1740
1752
1768
1773
1825
1845
1846
1847
1848
1864
1866
1877
1887
1891
1906
1925
1926
1927
1928
1929
1955
1966
1981
1985
1986
2001
2004
2005
2006
2007
2008
2009
2010
2025
2026
2045
2046
2047
2048
2049
2066
2067
2082
2088
2089
2090
2093
2099
2100
2108
2109
2110
2119
2120
2122
2138
2140
2145
2146
2151
2154
2162
2169
2173
2174
2177
2200
2201
2222
2226
2228
2229
2235
2239
2242
2243
2245
2251
2252
2256
2287
2288
2292
2295
2297
2299
2301
2306
2310
2321
2322
2323
2324
2333
2342
2343
2344
2345
2346
2347
2348
2361
2363
2366
