20190312 300125 -0.019315645 -0.48279828 20190312300125 24.99 25.8 26.55 24.33 25.3523 283771.0 0 27.42 22.44 0
20190514 000025 -0.0012956671 -0.35957494 20190514000025 29.36 29.6 29.97 29.36 29.6904 28692.4 0 33.0 27.0 0
20190527 000150 0.00740665 -0.3366982 20190527000150 8.64 8.85 8.95 8.53 8.78071 91730.1 0 9.46 7.74 0
20190529 600771 0.004067594 -0.33435768 20190529600771 25.79 25.51 25.83 25.31 25.469 28796.1 0 28.27 23.13 0
20190530 300740 -0.0020741243 -0.4367503 20190530300740 14.15 14.61 14.95 13.85 14.4979 84317.1 0 15.52 12.7 0
20190531 002565 -0.013490971 -0.50716174 20190531002565 14.48 14.53 15.1 14.23 14.6202 556764.0 0 16.12 13.19 0
20190605 300405 -0.0033400357 -0.4547361 20190605300405 12.4 13.0 13.24 12.35 12.8463 182072.0 0 13.86 11.34 0
20190612 000932 0.006136637 -0.3410699 20190612000932 6.57 6.54 6.66 6.53 6.59719 382051.0 0 7.27 5.95 0
20190612 002464 -0.00346799 -0.4422014 20190612002464 12.19 12.06 12.28 11.77 12.0479 97108.3 0 13.48 11.03 0
20190613 300713 -0.012728598 -0.5108256 20190613300713 26.29 25.4 27.22 25.0 26.0461 114571.0 0 30.29 24.79 0
20190627 600516 -0.003864728 -0.38047415 20190627600516 17.88 17.98 18.11 17.88 17.9827 265383.0 0 19.64 16.07 0
20190703 300343 0.00058103725 -0.63823146 20190703300343 7.71 7.44 7.83 7.35 7.54193 371437.0 0 8.55 6.99 0
20190726 600699 0.00043608993 -0.3353735 20190726600699 21.71 21.83 21.93 21.63 21.8131 33746.3 0 24.12 19.74 0
20190920 002793 -0.009783151 -0.520988 20190920002793 21.28 20.44 21.38 20.15 20.5689 113720.0 0 23.65 19.35 0
20190925 300477 0.0003900826 -0.36067793 20190925300477 10.26 10.37 10.44 10.07 10.3043 120466.0 0 11.26 9.22 0
20190926 603686 -0.0031171273 -0.35079053 20190926603686 17.0 16.46 17.23 16.3 16.6455 68505.6 0 18.8 15.38 0
20190930 300413 -0.008449107 -0.5500462 20190930300413 46.88 45.76 47.88 45.72 46.6715 37035.0 0 51.18 41.88 0
20191010 300755 -0.0034845825 -0.57251924 20191010300755 46.6 46.8 47.22 45.53 46.2279 47110.2 0 51.54 42.17 0
20191010 002726 -0.004382137 -0.27580935 20191010002726 9.11 9.21 9.26 9.03 9.15471 99478.9 0 10.0 8.18 0
20191014 603300 -0.0007060841 -0.3691879 20191014603300 9.85 9.88 10.08 9.72 9.90668 131109.0 0 10.78 8.82 0
20200408 600507 0.0005172659 -0.37855768 20200408600507 8.26 8.25 8.3 8.17 8.24667 105942.0 0 9.08 7.43 0
20200514 300763 -0.0071415417 -0.5657609 20200514300763 74.08 74.27 76.28 73.98 74.7041 19794.1 0 82.5 67.5 0
20200525 300769 -0.0063218977 -0.5400746 20200525300769 147.32 156.46 157.28 147.01 151.715 10664.0 0 164.07 134.24 0
20200529 600753 -0.004608657 -0.33202118 20200529600753 15.41 16.14 16.24 15.26 15.8422 38504.2 0 16.78 13.73 0
20200602 300438 -0.0016843192 -0.39521572 20200602300438 21.9 21.84 22.18 21.57 21.9044 68792.8 0 23.93 19.58 0
20200603 600516 -0.0029278826 -0.32492632 20200603600516 9.28 9.3 9.49 9.15 9.32555 632186.0 0 10.24 8.38 0
20200604 002955 -0.0036794282 -0.53171414 20200604002955 51.75 51.6 52.09 51.6 51.7397 12844.8 0 56.86 46.52 0
20200609 603101 -0.009746823 -0.3119391 20200609603101 7.4 7.65 7.83 7.27 7.52085 157652.0 0 8.47 6.93 0
20200617 002915 -0.0016499031 -0.3968136 20200617002915 25.65 26.47 27.48 25.45 26.5459 34015.8 0 28.22 23.09 0
20200709 000889 -0.007912213 -0.37721717 20200709000889 10.58 10.82 10.94 10.45 10.6677 300099.0 0 11.47 9.39 0
20200715 600480 0.018000454 -0.40090927 20200715600480 13.7 13.14 13.86 12.87 13.2911 159349.0 0 15.21 12.45 0
20200918 603181 -0.0066147726 -0.39461845 20200918603181 27.08 27.05 27.25 26.45 26.8513 27798.5 0 29.7 24.3 0
20200918 300729 -0.013198176 -0.48780817 20200918300729 95.08 95.2 96.95 91.98 94.0303 19543.5 0 113.35 75.57 0
20200923 000975 -0.007171847 -0.36477932 20200923000975 14.97 14.69 15.04 14.62 14.7931 222668.0 0 16.57 13.55 0
20200925 002335 -0.008532359 -0.5627929 20200925002335 31.41 29.95 31.53 29.68 30.3322 68122.0 0 34.85 28.51 0
20201021 002271 -0.0051787347 -0.4315158 20201021002271 56.58 52.5 56.59 52.02 53.437 300582.0 0 62.02 50.74 0
20210527 300393 -0.008698601 -0.36711314 20210527300393 9.02 9.08 9.16 8.96 9.05716 131094.0 0 10.82 7.22 0
20210601 002810 -0.016423881 -0.52778184 20210601002810 84.57 85.25 87.77 83.67 85.4787 21439.9 0 93.31 76.35 0
20210607 603638 0.006485395 -0.327636 20210607603638 60.17 59.49 60.7 59.15 59.6711 10535.6 0 66.22 54.18 0
20210608 300581 -0.01823628 -0.6013902 20210608300581 35.18 38.19 39.97 35.06 36.6797 168634.0 0 43.21 28.81 0
20210713 601919 0.0015514717 -0.2876821 20210713601919 29.64 30.88 31.04 29.31 30.5898 2637490.0 0 32.68 26.74 0
20210713 300689 -0.002943281 -0.5768993 20210713300689 43.41 41.29 43.88 40.81 41.7863 15264.0 0 52.06 34.7 0
20210714 300065 -0.0042655766 -0.34621653 20210714300065 11.5 11.55 11.79 11.25 11.5477 100778.0 0 13.87 9.25 0
20210914 603181 -0.0023344494 -0.38452065 20210914603181 20.89 20.08 20.93 19.92 20.2274 38432.4 0 22.92 18.76 0
20210915 300642 -0.0043207332 -0.59020954 20210915300642 63.38 62.81 63.93 61.72 62.8065 19730.3 0 77.05 51.37 0
20210928 000951 0.0058311373 -0.36483273 20210928000951 21.79 21.1 21.8 20.65 21.0512 191208.0 0 23.93 19.58 0
20210928 002408 -0.02175116 -0.37788296 20210928002408 17.84 17.7 18.54 17.5 17.9057 535305.0 0 19.34 15.82 0
20210929 300677 0.0060020033 -0.40449807 20210929300677 89.0 87.86 89.82 87.0 88.1821 50486.9 0 108.0 72.0 0
