002240
002192
603688
300438
002472
300395
002326
002432
002036
603876
002531
600416
300035
300083
002487
002139
300393
600481
600771
688556
000422
002484
600179
300432
603588
603063
300679
002182
000893
601975
002126
300327
002335
300593
002291
002865
600199
603179
002318
002807
002006
603612
300332
002851
600478
600363
300587
002011
603348
600172
300487
600063
603197
601001
601678
600577
600151
300077
000810
600366
688333
300101
600129
603599
002317
000657
002544
002258
688518
000821
600123
601258
600328
300409
603300
600277
002125
002171
688066
002567
002100
601137
002121
603279
603906
300203
002079
300185
600908
002101
603690
600055
688339
300767
002517
000546
600773
601208
600057
300627
300233
603308
600389
002539
688033
002324
600821
300168
600586
600888
603666
300613
300638
601126
300036
688019
300443
603008
600197
603363
002163
300093
002063
002221
300224
000915
603477
300398
002518
300261
000982
600477
300772
002015
300217
000426
603323
300379
603505
300199
002061
002031
000049
002810
601918
688007
600502
601028
002837
600869
300065
000034
002041
002099
603997
002068
002057
002239
600312
300079
300481
000829
300002
300655
600496
002413
688639
002088
002332
002832
600452
002446
688088
300087
600491
002254
300428
600210
600850
002261
600986
000420
002547
300827
300382
000572
000767
600320
601369
603396
002726
002073
002214
600720
688037
603979
002400
600313
000682
002455
605376
300048
603985
002386
300737
000758
002960
000957
688317
603668
688321
300041
600877
002698
300855
300170
601890
300825
300075
000158
000969
002060
002556
300525
002428
600138
603306
300415
603018
002201
000735
002009
300057
002023
000650
600993
002130
300394
600459
603187
000917
002612
300263
002453
002276
300007
002038
000976
603995
002514
002204
300712
600933
002759
300470
002132
300662
300138
600635
600770
603529
300477
603398
605305
600995
002639
600006
600552
300055
600059
002280
600523
002108
300113
688133
000913
002488
601619
002635
600158
000837
002895
002805
300151
300497
601965
600072
002003
300401
000498
600360
300031
002537
600587
300229
600868
601702
300323
002897
002932
300319
002876
300639
603595
002222
002354
002416
300320
600761
002169
300596
600963
300260
300663
000727
002538
002218
300179
300953
600490
002458
600075
600422
300098
300352
600248
688186
600750
000848
300125
603766
300416
603566
000681
601388
603128
300573
002283
603393
603936
300348
000552
300337
688106
603033
002440
603399
002166
000016
603010
603738
003031
603181
300008
600169
603067
002481
301035
300303
300222
000851
300131
300696
002206
300129
002421
600108
002649
300586
300598
002190
300364
002158
000901
600094
000059
600649
000078
002274
300232
300287
300657
600114
000612
000795
300184
300355
603990
688123
300762
600929
300052
600537
002104
603035
603229
600165
600285
600335
300569
600251
688266
000731
002034
002840
600288
002334
300326
600557
300693
600125
002467
300377
000816
600643
002349
605090
002824
300177
600458
000680
002135
002020
300019
688330
688630
300806
001696
300358
000501
600255
688018
000923
002097
600163
603728
002545
002438
603959
000811
300653
600017
600976
688166
300180
600428
600691
603987
002623
000822
002657
002965
300745
601963
002550
002859
600996
600575
000543
600266
300687
002270
002741
002716
002263
600609
300322
300406
603223
002055
688508
002307
000665
002746
600200
688366
600508
000859
600602
600984
002284
603938
002583
002930
600331
603520
002149
600729
601929
600106
002106
300123
600657
002645
601015
600425
600776
300755
300811
600675
688022
600503
002928
600308
603368
603896
000925
002611
600223
603916
000584
002540
600073
002549
300005
603301
603855
000789
601011
000676
600789
603538
605168
600343
002226
300143
300681
002589
002646
603636
600284
600391
603227
600861
600269
600351
002277
002298
600742
603078
002256
300109
603429
300130
688550
000603
000903
300080
600127
300284
002655
300617
600633
601686
605123
688299
000652
002197
300119
300020
300505
300740
002196
002168
600238
000881
002785
300709
600433
000592
002737
000589
300181
601789
300102
300158
603113
000968
002733
300328
600375
688233
300266
688399
300032
300189
600876
000534
000861
002637
600326
600480
002026
002449
600975
300360
300738
600973
688068
600058
002425
600662
600971
603123
002526
300910
300091
300735
002516
002570
000601
000823
600103
300471
000906
002039
002527
300226
300397
600550
300708
002043
600880
000036
600220
603915
000717
600664
603387
688277
002483
688596
603859
688586
000812
002452
300607
000713
000922
000720
000815
002035
600810
000099
300565
688027
688676
002067
002302
300110
300292
000557
000560
002293
002046
002573
600509
603609
300890
600512
600133
603601
002520
603960
300039
002782
300366
002707
603297
002847
603619
000751
600531
603108
603299
002562
601101
688595
300267
002717
000061
600668
002884
300145
300619
600997
605369
300378
603686
603989
688077
000615
002051
002519
603069
300468
600775
601700
603105
002454
002510
600581
000793
002042
002082
002167
601606
603212
000507
688677
000659
002838
300066
300842
000006
002288
688158
000539
002161
002234
002047
300047
300680
002328
002339
300228
002379
002491
300403
600217
600381
000928
002361
600071
000801
002369
600620
601827
300248
600300
002154
600420
002297
300900
000567
002437
300258
600495
300490
600237
002885
300082
600990
002090
002588
301050
002194
002534
603867
600590
601218
300437
300507
600105
600736
300647
600756
000065
002533
002160
002559
002697
002891
688179
000070
000973
002367
002489
603665
603901
002565
002667
300846
600186
300149
300219
300183
300194
600846
603110
000899
300196
002170
002285
000510
000722
300499
000726
002448
300191
002225
301080
600230
002329
002392
600594
000030
002017
300705
600187
600405
601326
300040
300174
600461
603100
002777
603809
000882
688533
300381
002398
300046
300114
600268
688127
000700
002941
300867
600651
002929
300205
300660
603888
300311
600619
600866
603416
000912
000931
002522
002833
300790
300820
603801
300427
603718
000667
300548
600744
601199
002267
300602
300792
002215
002530
002376
600400
603871
000926
002476
300581
002338
002606
603118
000828
600293
600694
002935
600218
603611
000862
002045
002141
600624
002979
600227
300351
600067
688100
002210
600710
603055
000950
300307
002614
601069
603355
603920
000600
000777
300045
300442
600696
605366
000736
002664
300571
002062
002431
300160
603507
002362
603458
603703
603890
002445
000886
000897
002480
300128
300429
300547
603076
000989
002441
600565
601515
002351
600336
300299
603897
000791
002342
002768
688278
002443
300121
000550
002677
603315
603319
688003
300061
300447
300331
601588
603012
000576
002391
300536
600805
002564
688383
002642
300400
300510
300513
000531
300239
300518
300648
600189
600818
688513
300276
300527
300579
600783
603681
000766
000836
300227
300249
300286
600831
601886
603358
002996
600604
003040
300081
300541
688526
000504
002579
300193
300575
300480
688578
000048
002286
300049
600449
000536
600184
600731
000949
600979
002301
300099
300683
603730
300213
300318
000597
002580
603068
300629
300095
300134
300436
600261
688665
000025
002993
002111
300147
300444
300757
600501
600616
000055
001201
002462
002474
002662
300384
600713
300582
603060
688667
002578
600007
600982
601002
605399
000159
002184
002378
300659
300802
300137
600479
000936
300225
603085
002344
002669
300590
603466
002117
600510
688658
002229
002469
002548
600748
300255
600757
002542
300006
000788
002479
603169
603567
002650
300304
300664
300835
603217
688268
002605
600571
688221
002729
300423
300533
300350
300853
300911
605208
688357
002119
002584
002986
300132
300520
600622
605337
300241
300455
301031
000948
301069
601019
002915
300887
301018
603313
300391
300636
300856
002303
300161
300978
600152
603533
300237
300340
600730
600035
600686
600841
605183
002892
600798
603969
688155
002314
002950
300420
300624
002308
002364
600874
688300
688505
000666
002515
600815
002083
002093
002829
603556
603626
300238
603359
603982
002630
002987
600180
600278
002251
002355
300368
603158
000029
001896
002300
600961
000993
600318
600727
603020
688663
000737
002213
002685
300349
300435
600130
600855
002165
000910
003038
600894
688315
688699
002524
300016
300503
603220
000521
600618
002232
002296
002365
300120
300465
688318
688389
300231
605377
000755
002305
002735
002860
300198
300572
600617
600640
688095
002077
300305
000962
002208
300317
600310
601226
603328
603693
300206
300342
603970
002345
300453
300723
601330
300479
002783
601616
300472
002346
300506
601882
603377
000505
002246
002968
300439
603558
300460
300831
601512
002852
600758
000551
002419
002433
002435
002641
002661
688196
002560
300209
002651
600292
603708
000790
002886
002959
002033
002059
002734
300483
600548
000407
000833
605338
688606
002613
002912
300018
300221
300485
300566
300829
300975
603968
000888
002869
003021
300531
600327
000056
002054
300172
300252
603283
002224
002553
300259
601010
002688
600466
603818
688308
000852
002115
002666
300011
600162
603825
300365
600628
601579
603527
688222
002596
002627
300067
300552
000626
300986
000561
000885
300799
603339
603887
002536
002803
600467
603722
603978
000517
002947
003032
300441
603639
605388
002609
300043
300722
600054
600077
600569
000633
002189
600222
603815
605555
688026
300345
300718
300870
600203
600337
002136
002913
600076
002822
300062
300448
600626
603663
300643
300494
600207
002178
300576
300614
600368
600658
601801
000520
300214
300424
300691
002902
003026
300692
300758
300872
300942
600468
600800
603136
300230
300642
300684
600960
601008
300148
300532
603699
002551
300302
300493
300570
002235
002845
300245
300291
605266
002140
002279
600592
603203
603330
603662
000068
002587
003009
300969
605368
002053
601339
002908
300288
688519
000797
002377
300215
605006
002991
300386
300925
600052
000639
002253
300272
300603
300690
300707
600558
600965
605009
002094
002628
603208
605020
000019
000417
300021
300765
300903
603811
002636
600135
300096
301087
600439
603126
603186
603508
002148
002801
300940
601996
603366
000919
300105
300589
601900
002315
002863
300620
603618
605066
002322
002703
300686
300902
002695
002881
300250
300421
300667
002582
300100
300678
600257
603633
000920
300634
301090
600419
000151
000532
002654
300375
600070
603167
300127
603660
000863
002012
300873
601949
600981
002275
002457
603380
000011
300279
603050
605333
300139
000554
300752
000533
002404
002911
300511
601038
605507
000761
300063
300715
603165
603383
000908
300981
688788
002546
003043
300112
300164
600371
688089
300673
300891
600053
603983
002331
002990
300504
300543
300551
600825
603496
000655
000850
002087
002096
300410
300706
600397
002689
300830
000428
002330
300645
300809
000026
002772
002957
300425
300612
603610
688020
000905
600231
600359
600396
603003
603189
300117
000996
002576
002137
300771
600168
600533
002393
002658
300556
605116
002272
002743
600802
002940
003015
300452
300578
600107
603002
603155
000698
002363
300333
300404
300656
601107
603115
603776
002162
002788
300546
300833
300895
300933
600526
600636
600903
002708
300086
300484
603966
300293
600738
603843
000058
002343
002109
002721
002918
002955
300289
605222
002590
300732
601500
603869
002114
603011
603083
603232
603977
000955
002632
300195
300234
603112
603183
603258
300412
605068
300982
600939
603727
002676
002757
300545
600429
603138
603535
603918
000620
002659
300187
603803
300731
301039
603009
603013
603439
002818
605186
002758
300153
300787
603303
605136
688128
300050
300616
300793
300875
600249
001208
002347
300473
300341
300941
600678
603166
300862
002401
600178
600283
300344
300632
600513
600538
601921
688636
300688
603309
002752
002933
300277
002066
002961
300243
300422
002107
002971
300608
300966
603698
688568
002412
300719
600681
600753
002621
600962
603053
000045
000719
002900
002975
300721
300074
600012
002769
300585
301046
301058
603739
605108
002381
300265
300467
301060
603081
603717
002095
002870
300283
002238
002864
002923
600722
603239
603324
688001
603386
300242
300522
300135
300729
300968
600980
002084
002880
003029
300107
603360
603949
002702
002970
300240
002571
300042
300500
300860
603716
605199
688661
300165
300733
300739
601858
603329
603587
603759
002287
002451
002495
300863
603808
605089
002753
300084
600505
603200
603519
605339
002442
300440
002878
002380
300430
600088
002712
300516
600117
603028
605007
000416
300162
300800
603777
002798
002953
002982
300150
300976
000716
000757
300246
300501
300848
002795
300791
002631
300537
300597
603168
300175
300389
300847
300962
603093
688101
002977
300491
002796
300402
600081
600814
603333
002577
300951
603131
603378
603886
603912
002186
300559
603336
300883
603318
300560
300852
600683
300097
300407
002227
002825
300580
603516
002903
003016
300542
301078
003020
300858
300922
601595
605296
002842
002492
300694
300909
300946
600724
002988
300030
300561
300670
300727
002687
300414
300577
300857
600819
300306
300563
600917
300489
300824
300880
600540
603080
301051
603058
300884
601279
300651
688626
603602
300488
300730
300994
300281
603500
002723
002762
002858
300893
002634
003006
300599
300908
603755
603856
603931
002742
603180
002732
002799
603040
688580
300937
603701
002103
300785
603109
002615
300462
603171
603630
300464
300810
300374
300540
300675
603530
002853
300562
300742
300871
300879
002482
003011
300514
000411
002278
300828
603121
600792
605336
603214
300600
603103
601528
603106
603988
300262
300780
300985
002827
300141
300812
001217
002956
002730
002882
301015
603351
603390
300843
300997
300314
300076
300882
603948
300889
603266
300816
603976
605122
300915
003037
300192
601999
605005
000526
300399
300701
603598
301048
605169
300813
300329
002679
002835
300697
603789
300220
300698
300788
300961
300380
300615
603511
300588
002187
300955
605299
688468
002949
002969
300713
300958
301026
002927
300826
002980
300805
300746
603353
002976
300878
002889
002910
603332
603929
605378
605599
300877
002989
603683
300711
605300
003001
300823
002905
300965
603696
300658
300901
300774
605011
003005
605018
300819
301017
300892
605138
300881
603657
605118
300778
301062
301025
