1	000671	阳光城 点评	房地产业	4.25	10.10%	172	5	0	0	10892	.68	-1.64	-4.52	4.67	2.5	1	0	2.7	-.2	-4.1	1.6	107	0.88	33.7	31.0	21.1	21.3	21.7	25.8	23.5	21.9	26.99	1.26
2	600736	苏州高新 点评	房地产业	6.88	10.08%	79	20	0	0	10411	1.36	.66	10.98	-.95	8.1	1	0	10	-1.9	-3.7	-4.4	85	1.07	22.4	12.4	24.4	26.3	28.8	32.5	24.4	28.8	16.75	1.29
3	000608	阳光股份 点评	房地产业	4.15	10.08%	31	48	0	0	12164	4.01	1	33.34	-7.18	24.3	1	0	28.5	-4.2	-15.9	-8.4	119	1.16	46.7	18.2	24.9	29.1	15.6	31.5	12.8	21.2	16.50	1.28
4	000514	渝开发 点评	房地产业	6.46	10.05%	55	34	0	0	-7453	-1.4	-1.46	-12.08	-17.28	-6.8	0	0	.2	-7	-.7	7.5	83	0.88	20.3	20.1	18.0	25.0	28.2	28.9	33.5	26.0	20.33	5.11
5	002285	世联行 点评	房地产业	4.82	10.05%	97	65	0	0	31359	3.38	2.61	36.88	3.24	20.1	1	0	21.8	-1.7	-10.4	-9.7	101	1.37	38.1	16.3	22.5	24.2	20.8	31.2	18.6	28.3	16.83	1.35
6	000965	天保基建 点评	房地产业	8.55	10.04%	95	-97	0	0	15166	1.6	.99	23.88	-54.65	11.3	1	0	9.8	1.5	-5.9	-5.4	129	1.22	50.9	41.1	19.0	17.5	16.8	22.7	13.3	18.7	14.26	0.73
7	000736	中交地产 点评	房地产业	14.14	10.04%	98	4082	0	0	2792	.29	.06	9.21	-70.36	5.2	1	0	8	-2.8	-3.4	-1.8	154	1.06	63.2	55.2	16.5	19.3	12.2	15.6	8.1	9.9	5.50	0.83
8	000014	沙河股份 点评	房地产业	12.22	9.99%	25	70	0	0	-191	-.09	.63	15.39	-70.42	-1.1	0	0	0	-1.1	2.2	-1.1	130	1.30	47.9	47.9	16.6	17.7	21.5	19.3	14.0	15.1	7.07	0.94
9	002305	南国置业 点评	房地产业	3.21	9.93%	56	-7	0	0	4386	.78	.77	3832.27	-100	37.7	1	0	61.6	-23.9	-21.8	-15.9	162	75.67	97.8	36.2	2.0	25.9	0.1	21.9	0.1	16.0	2.09	0.21
10	000797	中国武夷 点评	房地产业	3.89	9.89%	61	112	0	0	2236	.35	.35	8349.16	-100	59.4	1	0	78.2	-18.8	-26.9	-32.5	140	161.62	99.9	21.7	0.0	18.8	0.0	26.9	0.1	32.6	0.62	0.10
11	000863	三湘印象 点评	房地产业	5.03	9.35%	60	14	0	0	-19751	-3.54	-3.64	-32.67	1.99	-20.2	0	0	-8.3	-11.9	7	13.2	72	0.72	6.8	15.1	19.3	31.2	36.4	29.4	37.5	24.3	17.60	1.92
12	600376	首开股份 点评	房地产业	6.60	8.55%	170	18	0	0	2068	.13	.39	15.15	-16.37	5	1	0	3.6	1.4	-.3	-4.7	78	1.29	18.0	14.4	23.4	22.0	30.7	31.0	27.9	32.6	2.44	3.39
13	002314	南山控股 点评	房地产业	4.35	7.41%	58	23	0	0	3076	.53	.78	9.72	9.03	6	1	0	7.3	-1.3	-1.5	-4.5	61	1.14	11.9	4.6	21.4	22.7	31.9	33.4	34.8	39.3	8.96	2.64
14	300917	特发服务 点评	房地产业	44.19	6.92%	29	50	0	0	-12927	-4.38	-7.18	-30.67	3.69	-13	0	0	-4.2	-8.8	5.7	7.3	88	0.68	9.4	13.6	27.9	36.7	36.5	30.8	26.2	18.9	33.66	1.46
15	600266	城建发展 点评	房地产业	5.35	6.57%	121	16	0	0	3705	.31	-.25	1.46	13.29	4.9	1	0	4.6	.3	-4.5	-0.4	90	0.93	22.2	17.6	25.3	25.0	27.1	31.6	25.4	25.8	6.21	3.44
16	600683	京投发展 点评	房地产业	6.13	6.06%	45	41	0	0	2964	.69	.79	9.32	2.8	5.5	1	0	6.9	-1.4	-3.8	-1.7	69	1.10	14.9	8.0	22.2	23.6	30.6	34.4	32.3	34.0	11.91	1.67
17	600791	京能置业 点评	房地产业	5.23	5.23%	24	-65	0	0	1672	.75	1.27	8.17	1.61	4.5	1	0	9	-4.5	-2.4	-2.1	63	1.12	13.0	4.0	20.8	25.3	35.2	37.6	31.0	33.1	15.58	2.07
18	000011	深物业A 点评	房地产业	12.96	5.19%	68	8	15.71	7.28	4460	.67	.04	16.05	-1.3	9	1	1	5.4	3.6	-5.4	-3.6	74	1.20	13.5	8.1	27.9	24.3	29.8	35.2	28.8	32.4	7.30	2.96
19	600890	*ST中房 点评	房地产业	1.44	5.11%	8	-34	0	0	-315	-.38	-.36	-55.18	-78.13	-32	0	0	0	-32	18.8	13.2	79	0.60	0.0	0.0	23.4	55.4	41.9	23.1	34.7	21.5	1.18	0.72
20	000720	新能泰山 点评	房地产业	4.97	5.07%	64	-72	0	0	2773	.42	1.14	46.12	-11.63	16.1	1	0	9.8	6.3	-7.1	-9.0	76	2.03	19.9	10.1	26.3	20.0	29.1	36.2	24.7	33.7	2.67	4.35
21	000668	荣丰控股 点评	房地产业	15.30	4.87%	22	-37	0	0	1128	.43	-1.06	-.18	6.91	6.9	1	0	2.3	4.6	-9.5	2.6	59	0.83	5.9	3.6	27.2	22.6	33.6	43.1	33.3	30.7	7.56	1.28
22	601155	新城控股 点评	房地产业	32.17	4.75%	727	6	0	0	0	0	0	.35	8.8	0	0	0	-4.1	4.1	1.8	-1.8	96	1.00	16.3	20.4	31.8	27.7	31.8	30.0	20.1	21.9	2.16	1.61
23	600185	格力地产 点评	房地产业	6.59	4.60%	126	15	0	0	2015	.14	.33	6.59	7.59	2.9	1	0	4.1	-1.2	-1	-1.9	81	1.11	13.8	9.7	27.9	29.1	31.9	32.9	26.4	28.3	5.58	2.48
24	600466	蓝光发展 点评	房地产业	2.29	4.57%	70	-1	0	0	3711	.57	.08	5.23	7.25	5	1	0	5.5	-.5	-2.1	-2.9	82	1.01	16.9	11.4	26.5	27.0	29.5	31.6	27.1	30.0	10.75	1.44
25	600225	*ST松江 点评	房地产业	2.89	4.33%	99	-28	0	0	-248	-.03	-.07	-21.55	35.86	-6.8	0	0	-3.9	-2.9	.5	6.3	86	0.72	3.4	7.3	36.3	39.2	34.8	34.3	25.5	19.2	0.37	2.65
26	600658	电子城 点评	房地产业	5.06	4.12%	57	-17	0	0	786	.13	-.78	-9.33	16.89	4.7	1	0	4.5	.2	-7.7	3.0	67	0.67	12.2	7.7	23.8	23.6	26.5	34.2	37.5	34.5	2.95	2.45
27	600657	信达地产 点评	房地产业	7.66	4.08%	218	27	0	0	-5553	-.25	-1.26	-35.96	-18.23	-3.7	0	0	-5.1	1.4	.3	3.4	124	0.61	32.0	37.1	28.3	26.9	21.1	20.8	18.6	15.2	6.69	1.41
28	600077	宋都股份 点评	房地产业	5.22	3.78%	70	86	0	0	103	0	-.67	-1.97	2.09	.1	0	0	-1.6	1.7	0	-0.1	66	0.94	7.7	9.3	25.5	23.8	32.4	32.4	34.4	34.5	14.93	0.92
29	000886	海南高速 点评	房地产业	4.21	3.69%	41	50	0	0	2379	.58	-.2	8.17	29.08	10.6	1	0	6.8	3.8	-8.2	-2.4	81	0.94	15.5	8.7	30.1	26.3	25.5	33.7	28.9	31.3	5.38	5.12
30	600649	城投控股 点评	房地产业	4.74	3.27%	120	13	0	0	3106	.25	.35	13.55	17.58	6.8	1	0	2.4	4.4	-4.9	-1.9	83	1.17	15.1	12.7	29.8	25.4	28.3	33.2	26.8	28.7	3.82	2.16
31	000029	深深房A 点评	房地产业	8.98	3.22%	80	41	8.32	28.65	-63	0	0	-.98	3.26	-.3	0	1	-3	2.7	.6	-0.3	61	0.96	1.0	4.0	29.2	26.5	40.0	39.4	29.8	30.1	2.64	2.95
32	600515	*ST基础 点评	房地产业	3.56	3.19%	327	84	0	0	-364	-.01	0	-2.67	-14.94	-2.2	0	0	-5.8	3.6	2.8	-0.6	87	0.99	9.0	14.8	33.6	30.0	34.0	31.2	23.4	24.0	0.50	2.51
33	600692	亚通股份 点评	房地产业	7.98	2.97%	20	146	0	0	3827	1.88	6.86	27.26	-4.43	10.5	1	0	3.8	6.7	-2.8	-7.7	57	1.71	6.4	2.6	27.3	20.6	34.5	37.3	31.8	39.5	18.05	1.75
34	002016	世荣兆业 点评	房地产业	7.73	2.93%	53	12	0	0	-10130	-1.85	-2.84	-41.53	1.47	-20.5	0	0	-7.1	-13.4	4.6	15.9	74	0.60	5.3	12.4	21.4	34.8	35.5	30.9	37.8	21.9	9.01	6.43
35	600638	新黄浦 点评	房地产业	6.36	2.91%	43	41	0	0	-1118	-.27	-.57	-12.93	9.62	-9	0	0	-2.1	-6.9	4.5	4.5	32	0.79	0.2	2.3	11.3	18.2	38.7	34.2	49.8	45.3	2.91	2.10
36	600340	华夏幸福 点评	房地产业	3.83	2.68%	149	-1	0	0	-606	-.06	.26	1.28	-1	-.6	0	0	-.8	.2	1.2	-0.6	72	1.06	8.7	9.5	27.0	26.8	33.4	32.2	30.9	31.5	6.86	0.92
37	601512	中新集团 点评	房地产业	9.31	2.65%	74	9	0	0	1024	.13	-.18	9.03	14.19	12.6	1	0	-.9	13.5	-5.8	-6.8	39	0.83	0.9	1.8	25.0	11.5	37.0	42.8	37.1	43.9	1.11	2.50
38	600663	陆家嘴 点评	房地产业	11.65	2.55%	342	11	7.57	2.46	-1274	-.04	-.02	-21.05	23.45	-5	0	0	3.6	-8.6	-4	9.0	60	0.60	10.6	7.0	16.7	25.3	28.2	32.2	44.5	35.5	0.75	2.34
39	000560	我爱我家 点评	房地产业	3.79	2.43%	85	14	0	0	-3969	-.47	-.76	-13.03	5.64	-5.8	0	0	-2.7	-3.1	4.2	1.6	85	0.85	11.1	13.8	28.3	31.4	33.7	29.5	26.9	25.3	7.95	1.49
40	001914	招商积余 点评	房地产业	17.65	2.14%	118	36	0	0	-2235	-.17	-.07	-5.5	15.62	-5.1	0	0	.7	-5.8	1.5	3.6	64	0.97	5.9	5.2	23.6	29.4	35.9	34.4	34.6	31.0	3.69	1.92
41	000656	金科股份 点评	房地产业	4.91	2.08%	261	4	0	0	9095	.37	-.1	6.55	-.09	7.8	1	0	2.8	5	-3.2	-4.6	90	0.96	15.8	13.0	33.3	28.3	26.1	29.3	24.8	29.4	4.46	1.46
42	600675	中华企业 点评	房地产业	3.43	2.08%	209	26	0	0	36	0	-.06	-2.85	8.51	.2	1	0	3	-2.8	-1.2	1.0	62	0.91	7.0	4.0	23.9	26.7	31.8	33.0	37.3	36.3	0.87	1.77
43	000718	苏宁环球 点评	房地产业	4.46	2.06%	102	14	0	0	-528	-.04	-.7	-9.04	10.98	-.9	0	0	6.7	-7.6	-1.4	2.3	81	0.81	11.4	4.7	28.5	36.1	31.0	32.4	29.1	26.8	5.71	2.26
44	002377	国创高新 点评	房地产业	3.52	2.03%	32	-4	0	0	1267	.41	-1.97	-8.77	14.89	6.7	1	0	8.5	-1.8	-9	2.3	62	0.61	10.8	2.3	23.8	25.6	32.6	41.6	32.8	30.5	5.88	1.55
45	000069	华侨城A 点评	房地产业	7.36	1.94%	519	16	0	0	-8109	-.15	-.17	-12.79	5.7	-5.2	0	0	-4.6	-.6	4.8	0.4	112	0.88	22.6	27.2	31.0	31.6	27.0	22.2	19.4	19.0	2.97	2.57
46	002208	合肥城建 点评	房地产业	9.38	1.74%	58	8	0	0	-2057	-.36	.06	-2.37	18.44	-2.5	0	0	1.2	-3.7	.6	1.9	68	1.01	8.2	7.0	24.6	28.3	39.0	38.4	28.2	26.3	13.93	1.70
47	600716	凤凰股份 点评	房地产业	5.36	1.71%	50	43	0	0	1521	.3	-.2	4.77	8.75	7.7	1	0	-.5	8.2	-6.7	-1.0	71	0.93	6.1	6.6	33.4	25.2	35.0	41.7	25.5	26.5	3.96	1.16
48	000615	奥园美谷 点评	房地产业	8.61	1.65%	67	24	0	0	-271	-.04	1.15	2.72	6.65	-.4	0	0	2.2	-2.6	1.3	-0.9	43	1.16	6.0	3.8	15.2	17.8	39.1	37.8	39.7	40.6	10.02	4.56
49	000961	中南建设 点评	房地产业	4.38	1.62%	167	5	0	0	2445	.12	.34	5.49	5.38	2.2	1	0	1	1.2	-.3	-1.9	84	1.10	12.5	11.5	30.4	29.2	31.0	31.3	26.1	28.0	6.61	1.10
50	600604	市北高新 点评	房地产业	5.95	1.54%	84	-71	9.98	11.63	-72	-.03	-.06	-12.51	13.9	-.2	0	0	2.6	-2.8	-4.2	4.4	65	0.69	10.4	7.8	21.9	24.7	32.6	36.8	35.1	30.7	4.31	1.12
51	000031	大悦城 点评	房地产业	4.69	1.52%	89	14	0	0	-2378	-.25	2.28	10.16	-5.83	-3.4	0	0	-2.4	-1	4	-0.6	62	1.53	5.8	8.2	23.3	24.3	34.9	30.9	36.0	36.6	7.87	3.12
52	000042	中洲控股 点评	房地产业	9.08	1.45%	60	14	0	0	443	.07	-.25	1.29	11.09	6.7	1	0	0	6.7	-11.8	5.1	36	0.76	0.0	0.0	21.5	14.8	27.7	39.5	50.8	45.7	1.09	1.58
53	600895	张江高科 点评	房地产业	13.70	1.41%	212	18	0	0	1774	.08	.02	12.25	6.35	11.2	1	0	9.8	1.4	-6.1	-5.1	57	1.03	11.3	1.5	22.6	21.2	28.9	35.0	37.2	42.3	0.75	1.62
54	002146	荣盛发展 点评	房地产业	4.46	1.36%	174	5	0	0	2920	.17	.14	7.22	5.41	4.6	1	0	2.8	1.8	-2.5	-2.1	80	1.07	11.2	8.4	31.1	29.3	30.9	33.4	26.8	28.9	3.64	1.37
55	000007	*ST全新 点评	房地产业	6.33	1.28%	20	-711	0	0	-324	-.17	-.38	-29.82	14.61	-8.8	0	0	-12.8	4	2.5	6.3	98	0.68	0.0	12.8	44.4	40.4	34.5	32.0	21.1	14.8	1.89	2.07
56	000838	财信发展 点评	房地产业	9.14	1.22%	96	-224	0	0	-923	-.1	-.44	-17.16	-4.28	-5.1	0	0	-10.5	5.4	-1.4	6.5	68	0.70	3.7	14.2	27.5	22.1	28.7	30.1	40.1	33.6	1.90	0.79
57	603506	南都物业 点评	房地产业	16.37	1.17%	31	17	0	0	178	.07	-.01	3.62	12.69	3.2	1	0	1.2	2	-3.2	0.0	29	0.99	1.2	0.0	14.9	12.9	34.6	37.8	49.3	49.3	1.80	1.32
58	000402	金融街 点评	房地产业	6.13	1.16%	183	11	0	0	-2126	-.12	-.86	-26.08	20.39	-4.2	0	0	1.8	-6	-4.4	8.6	78	0.59	13.0	11.2	23.9	29.9	28.7	33.1	34.4	25.8	2.76	2.11
59	600743	华远地产 点评	房地产业	2.63	1.15%	62	275	0	0	-8649	-1.41	-.6	-19.41	4.98	-15	0	0	-8.8	-6.2	5.3	9.7	81	0.90	10.2	19.0	22.6	28.8	35.6	30.3	31.6	21.9	9.31	2.04
60	600823	世茂股份 点评	房地产业	3.75	1.08%	141	9	0	0	-1331	-.1	-.82	-27.93	13.01	-3.9	0	0	-.4	-3.5	-.1	4.0	78	0.56	14.0	14.4	23.3	26.8	27.4	27.5	35.3	31.3	2.42	1.65
61	000036	华联控股 点评	房地产业	4.24	0.95%	63	30	0	0	-427	-.07	-.08	-6.58	1.69	-4.4	0	0	5	-9.4	-3.4	7.8	56	0.93	7.5	2.5	18.1	27.5	33.5	36.9	40.9	33.1	1.54	1.85
62	600173	卧龙地产 点评	房地产业	6.57	0.92%	46	8	0	0	-250	-.05	-1.34	-22.5	2.24	-2.3	0	0	2.8	-5.1	-5.4	7.7	46	0.46	4.0	1.2	18.0	23.1	32.8	38.2	45.2	37.5	2.35	1.43
63	000002	万科A 点评	房地产业	19.15	0.90%	1861	10	0	0	-17310	-.1	-.05	-4.62	3.2	-2.7	0	0	-1.6	-1.1	1.5	1.2	112	0.97	28.5	30.1	26.2	27.3	26.7	25.2	18.6	17.4	3.45	2.83
64	600748	上实发展 点评	房地产业	4.64	0.87%	86	16	0	0	-3952	-.47	-.43	-13.55	8.28	-8.9	0	0	-10.4	1.5	.1	8.8	72	0.88	4.9	15.3	26.5	25.0	32.1	32.0	36.5	27.7	5.19	2.27
65	001979	招商蛇口 点评	房地产业	15.16	0.80%	1201	12	0	0	144	0	0	.62	6.51	.2	1	0	-1.9	2.1	5.7	-5.9	84	1.00	12.6	14.5	29.7	27.6	33.3	27.6	24.4	30.3	0.60	1.48
66	600848	上海临港 点评	房地产业	14.10	0.79%	206	20	3.6	-6	387	.02	0	6.85	-3.23	3.5	1	1	.6	2.9	1.8	-5.3	45	1.12	3.4	2.8	20.9	18.0	37.5	35.7	38.2	43.5	0.54	1.78
67	600223	鲁商发展 点评	房地产业	10.98	0.73%	111	17	0	0	1273	.12	.56	15.24	4.07	5.2	1	0	-.2	5.4	.8	-6.0	53	1.43	3.5	3.7	25.8	20.4	32.7	31.9	38.0	44.0	2.20	1.82
68	002133	广宇集团 点评	房地产业	4.27	0.71%	33	14	0	0	-1674	-.52	.4	-3.76	1.33	-5.1	0	0	-1.9	-3.2	.4	4.7	53	1.06	2.5	4.4	21.6	24.8	36.6	36.2	39.3	34.6	9.95	1.41
69	601588	北辰实业 点评	房地产业	2.89	0.70%	77	48	11.58	23.5	-2936	-.37	0	-4.57	4.2	-4.9	0	0	-.9	-4	4	0.9	86	1.01	14.8	15.7	25.5	29.5	31.3	27.3	28.4	27.5	7.68	1.73
70	600064	南京高科 点评	房地产业	10.23	0.69%	126	5	0	0	-2280	-.19	-.67	-24.08	26.68	-7.6	0	0	-2.1	-5.5	-4.5	12.1	69	0.64	5.8	7.9	25.1	30.6	27.8	32.3	41.3	29.2	2.37	1.51
71	000926	福星股份 点评	房地产业	4.98	0.61%	47	31	0	0	-3189	-.69	-1.65	-35.21	6.02	-11.4	0	0	-11.1	-.3	2	9.4	88	0.61	11.3	22.4	27.0	27.3	27.2	25.2	34.5	25.1	6.02	1.39
72	000620	新华联 点评	房地产业	3.30	0.61%	63	-3	0	0	-454	-.07	-.15	-2.22	-.75	-1.2	0	0	.1	-1.3	0	1.2	59	0.97	6.4	6.3	22.7	24.0	30.5	30.5	40.4	39.2	5.98	1.03
73	000517	荣安地产 点评	房地产业	3.43	0.59%	86	11	0	0	-2296	-.22	.59	.53	6.7	-4	0	0	-1.9	-2.1	2.9	1.1	61	1.12	5.5	7.4	23.1	25.2	36.0	33.1	35.4	34.3	6.59	0.83
74	000616	ST海投 点评	房地产业	1.84	0.55%	26	31	0	0	38	.01	-.04	-.37	-4.01	1.7	1	0	0	1.7	0	-1.7	62	0.94	0.0	0.0	31.7	30.0	42.2	42.2	26.1	27.8	0.84	1.54
75	000502	*ST绿景 点评	房地产业	5.70	0.35%	10	-86	0	0	-6	0	.08	1.23	-13.46	-.9	0	0	0	-.9	9.4	-8.5	26	1.17	0.0	0.0	12.4	13.3	60.4	51.0	27.2	35.7	0.59	0.56
76	002968	新大正 点评	房地产业	36.20	0.33%	25	35	0	0	507	.2	.74	7.29	7.5	4.7	1	0	1.3	3.4	4.2	-8.9	25	1.22	2.3	1.0	12.5	9.1	36.3	32.1	48.9	57.8	4.23	2.67
77	600208	新湖中宝 点评	房地产业	3.05	0.33%	262	10	0	0	-6609	-.26	-.75	-46.53	5.21	-11.6	0	0	-7.4	-4.2	3.2	8.4	93	0.51	16.7	24.1	23.8	28.0	29.3	26.1	30.2	21.8	2.16	1.64
78	600159	大龙地产 点评	房地产业	3.88	0.26%	32	27	0	0	-681	-.21	4.1	10.62	2.39	-1.1	0	0	3.4	-4.5	.9	0.2	69	1.40	12.6	9.2	21.1	25.6	31.4	30.5	34.9	34.7	18.75	1.91
79	000909	数源科技 点评	房地产业	7.79	0.26%	30	70	0	0	245	.07	.59	11.32	2.06	2.7	1	0	-8.3	11	-5.2	2.5	62	1.34	0.0	8.3	32.6	21.6	28.6	33.8	38.8	36.3	3.01	0.59
80	600215	派斯林 点评	房地产业	8.54	0.23%	40	26	0	0	-30	-.02	-.6	-6.86	4.19	-.7	0	0	0	-.7	-16.1	16.8	19	0.54	0.0	0.0	8.9	9.6	39.5	55.6	51.6	34.8	1.07	1.01
81	600641	万业企业 点评	房地产业	21.40	0.05%	205	50	0	0	431	.02	.37	7.19	-20.5	1.2	1	0	1.2	0	3.9	-5.1	44	1.31	2.3	1.1	20.1	20.1	36.5	32.6	41.1	46.2	1.73	1.64
82	600565	迪马股份 点评	房地产业	2.82	0.00%	70	28	0	0	-1415	-.2	-.84	-18.43	-.12	-4.6	0	0	-1.5	-3.1	-2.8	7.4	81	0.72	13.0	14.5	25.2	28.3	28.8	31.6	33.0	25.6	4.35	1.26
83	600048	保利发展 点评	房地产业	17.70	-0.11%	2119	12	0	0	1244	0	.05	6.86	-3.95	.7	1	0	1.6	-.9	3.2	-3.9	99	1.13	22.1	20.5	27.7	28.6	31.6	28.4	18.6	22.5	0.84	1.25
84	000006	深振业A 点评	房地产业	5.15	-0.19%	70	9	0	0	238	.02	1.16	7.45	8.42	.3	1	0	-1.2	1.5	-1.3	1.0	81	1.20	14.4	15.6	26.3	24.8	30.4	31.7	28.9	27.9	10.98	3.52
85	000631	顺发恒业 点评	房地产业	3.58	-0.28%	87	79	0	0	-854	-.1	-.23	-28.59	9.91	-15.2	0	0	-3.6	-11.6	-.7	15.9	48	0.61	0.0	3.6	16.4	28.0	36.4	37.1	47.2	31.3	0.64	1.57
86	600503	华丽家族 点评	房地产业	3.35	-0.30%	54	29	0	0	-1385	-.27	-.68	-14.95	3	-7.2	0	0	-3	-4.2	-.2	7.4	57	0.77	3.6	6.6	21.2	25.4	34.5	34.7	40.7	33.3	3.56	1.15
87	600325	华发股份 点评	房地产业	7.23	-0.41%	153	6	0	0	-15654	-1	-1.19	-44.46	15.61	-20	0	0	1.7	-21.7	5.4	14.6	96	0.63	12.4	10.7	25.6	47.3	28.9	23.5	33.1	18.5	5.00	2.42
88	600239	*ST云城 点评	房地产业	2.10	-0.47%	34	18	0	0	178	.05	-.02	2.86	9.36	5.2	1	0	3.1	2.1	-6.4	1.2	92	0.95	6.1	3.0	42.4	40.3	29.3	35.7	22.2	21.0	1.01	1.85
89	600684	珠江股份 点评	房地产业	4.82	-0.62%	41	63	0	0	-8060	-1.91	-3.37	-23.12	.77	-10.4	0	0	-4.9	-5.5	2.6	7.8	80	0.73	9.3	14.2	25.3	30.8	33.6	31.0	31.8	24.0	18.40	1.73
90	600622	光大嘉宝 点评	房地产业	4.26	-0.70%	64	28	0	0	-2299	-.3	-2.01	-15.93	.83	-2	0	0	-4.2	2.2	-3.8	5.8	106	0.77	20.9	25.1	31.1	28.9	25.5	29.3	22.5	16.7	16.91	1.64
91	600393	ST粤泰 点评	房地产业	1.29	-0.77%	13	-11	0	0	-160	-.13	-.47	-13.17	-19.77	-4.1	0	0	0	-4.1	-1.7	5.8	71	0.79	0.0	0.0	33.5	37.6	39.9	41.6	26.6	20.8	3.04	1.16
92	000558	莱茵体育 点评	房地产业	3.41	-0.87%	44	-50	0	0	-1998	-.46	-2.46	-29.28	3.89	-8.4	0	0	-4.5	-3.9	-.7	9.1	55	0.52	5.7	10.2	17.7	21.6	31.1	31.8	45.5	36.4	5.35	0.77
93	600708	光明地产 点评	房地产业	3.12	-0.95%	69	92	0	0	-2288	-.34	.29	-1.33	2.81	-2.9	0	0	-3.5	.6	-.7	3.6	78	1.04	11.3	14.8	26.0	25.4	31.6	32.3	31.1	27.5	10.98	2.92
94	600639	浦东金桥 点评	房地产业	14.90	-1.06%	127	21	4.49	27.68	-119	-.01	.01	2.17	-1.19	-.6	0	0	-2.7	2.1	4.9	-4.3	41	1.15	1.1	3.8	19.2	17.1	34.8	29.9	44.9	49.2	1.56	1.65
95	600383	金地集团 点评	房地产业	14.28	-1.11%	645	15	0	0	3808	.06	-.02	2.75	.56	3.3	1	0	-1.1	4.4	-3.9	0.6	63	0.98	9.8	10.9	23.3	18.9	39.3	43.2	27.6	27.0	1.77	1.45
96	600246	万通发展 点评	房地产业	10.28	-1.15%	211	59	0	0	-1394	-.07	-.04	-11.94	-8.26	-8	0	0	-11.5	3.5	2	6.0	89	0.92	7.7	19.2	32.9	29.4	33.2	31.2	26.2	20.2	0.83	0.91
97	600665	天地源 点评	房地产业	4.27	-1.39%	37	10	0	0	214	.05	.99	4.66	3.29	.6	1	0	2.4	-1.8	-.8	0.2	57	1.15	4.9	2.5	23.7	25.5	34.2	35.0	37.2	37.0	9.61	1.54
98	600094	大名城 点评	房地产业	4.24	-1.40%	97	38	2.42	18.77	-2246	-.22	-.01	-8.35	-1.35	-5	0	0	.1	-5.1	1.9	3.1	74	0.91	9.9	9.8	24.8	29.9	36.5	34.6	28.8	25.7	4.52	1.64
99	000732	泰禾集团 点评	房地产业	3.43	-1.44%	85	-8	0	0	-11339	-1.33	-.79	-15.48	3.85	-10.9	0	0	-5.8	-5.1	3.4	7.5	79	0.90	11.4	17.2	22.6	27.7	31.5	28.1	34.5	27.0	11.97	1.55
100	002147	*ST新光 点评	房地产业	4.07	-1.45%	22	6	0	0	-221	-.1	-.47	-32.45	-27.96	-10.8	0	0	0	-10.8	-6.6	17.4	52	0.49	0.0	0.0	20.5	31.3	44.8	51.4	34.7	17.3	0.93	0.78
101	600162	香江控股 点评	房地产业	2.61	-1.51%	89	30	0	0	-4014	-.45	1.85	8.86	-6.78	-6.7	0	0	-5.9	-.8	4.1	2.6	71	1.54	9.8	15.7	22.4	23.2	33.2	29.1	34.6	32.0	6.76	2.20
102	600007	中国国贸 点评	房地产业	16.20	-1.64%	163	16	0	0	1427	.1	.24	4.99	-6.85	2.3	1	0	-1.2	3.5	.6	-2.9	59	1.09	4.5	5.7	26.4	22.9	39.1	38.5	30.0	32.9	3.65	1.57
103	600533	栖霞建设 点评	房地产业	4.05	-2.17%	43	9	0	0	-3116	-.76	-1.41	-14.14	-4.03	-6.2	0	0	1	-7.2	1.6	4.6	79	0.82	9.6	8.6	26.9	34.1	31.7	30.1	31.8	27.2	11.64	1.78
104	600807	济南高新 点评	房地产业	4.80	-2.44%	38	-19	0	0	-1555	-.31	-2.9	-16.11	-2.35	-6	0	0	-2.8	-3.2	-5.2	11.2	35	0.59	0.4	3.2	13.9	17.1	34.2	39.4	51.5	40.3	6.74	0.93
105	000540	中天金融 点评	房地产业	2.54	-2.68%	177	-15	0	0	-10718	-.61	-.47	-35.57	.25	-22.8	0	0	-16.1	-6.7	11.4	11.4	80	0.74	4.3	20.4	24.4	31.1	35.2	23.8	36.1	24.7	2.64	2.66
106	600067	冠城大通 点评	房地产业	4.06	-3.10%	61	231	0	0	-8536	-1.39	-2.83	-24.96	-4.95	-9.8	0	0	-8.8	-1	5.3	4.5	83	0.71	8.2	17.0	28.4	29.4	34.0	28.7	29.4	24.9	14.05	1.02
107	000897	津滨发展 点评	房地产业	3.49	-3.32%	56	12	0	0	-13131	-2.16	-2.34	-17.77	-2.82	-10.8	0	0	-7.5	-3.3	0	10.8	74	0.83	11.0	18.5	20.4	23.7	30.3	30.3	38.3	27.5	19.99	1.72
108	002244	滨江集团 点评	房地产业	6.86	-3.38%	184	12	0	0	1532	.09	.47	17.04	4.14	5.2	1	0	-.1	5.3	4.5	-9.7	52	1.49	6.0	6.1	22.8	17.5	37.4	32.9	33.8	43.5	1.58	1.42
109	000537	广宇发展 点评	房地产业	17.01	-3.52%	295	-25	0	0	2280	.08	.27	15.8	-19.39	6.6	1	0	-2.3	8.9	3.3	-9.9	55	1.37	7.0	9.3	23.8	14.9	32.4	29.1	36.8	46.7	1.18	1.12
110	000667	美好置业 点评	房地产业	2.15	-4.87%	52	-7	0	0	-5168	-1.01	.32	-3.92	-13.21	-4.6	0	0	-4	-.6	.2	4.4	74	1.02	10.9	14.9	23.9	24.5	32.0	31.8	33.2	28.8	21.14	1.09
111	600773	西藏城投 点评	房地产业	19.24	-4.94%	158	138	0	0	-9487	-.58	-1.05	-37.31	-17.9	-19	0	0	-15.1	-3.9	1.1	17.9	64	0.60	2.7	17.8	19.8	23.7	31.7	30.6	45.8	27.9	3.11	1.68
112	600555	*ST海创 点评	房地产业	1.34	-4.96%	13	-26	-10.07	-18.29	-553	-.45	-.04	-53.98	-54.07	-21.5	0	0	-15.7	-5.8	8.1	13.4	70	0.47	0.0	15.7	24.3	30.1	45.9	37.8	29.8	16.4	1.94	1.86
113	000573	粤宏远A 点评	房地产业	4.38	-5.19%	28	16	0	0	-2889	-1	2.15	-.08	-8.82	-4.8	0	0	-2.9	-1.9	.2	4.6	63	1.16	5.6	8.5	23.4	25.3	33.6	33.4	37.4	32.8	21.37	1.65
114	600322	天房发展 点评	房地产业	3.07	-6.12%	34	-19	0	0	-14956	-3.64	-8.93	-43.74	-.45	-14.6	0	0	-8.9	-5.7	1.7	12.9	85	0.54	14.5	23.4	20.7	26.4	28.0	26.3	36.8	23.9	27.41	1.64
115	600510	黑牡丹 点评	房地产业	11.60	-6.38%	118	14	0	0	-6629	-.6	-2.09	-19.2	-12.23	-6.1	0	0	-4	-2.1	-1.8	7.9	73	0.71	5.7	9.7	27.5	29.6	32.5	34.3	34.3	26.4	9.21	1.42
116	000918	嘉凯城 点评	房地产业	3.20	-6.98%	58	-8	0	0	-17892	-2.83	-6.22	-41.57	-1.12	-17.6	0	0	-13.1	-4.5	6.1	11.5	74	0.54	4.8	17.9	23.6	28.1	33.4	27.3	38.2	26.7	16.96	1.40
